size=1000, np=4, time=0.858745
size=2000, np=4, time=6.463431
